0.000000
-0.000232
0.000080
0.000187
-0.000145
-0.000051
0.000028
0.000092
0.000001
-0.000089
-0.000173
0.000402
-0.000009
-0.000523
0.000155
0.000784
-0.000716
-0.000556
0.001064
0.000253
-0.001433
0.000432
0.001316
-0.001001
-0.000884
0.001266
0.000371
-0.001264
0.000231
0.000604
0.000007
-0.000451
-0.000078
-0.000033
0.001039
-0.000759
-0.000874
0.000896
0.001076
-0.001601
-0.000225
0.001075
0.000114
-0.000496
-0.000408
0.000065
0.000882
0.000302
-0.001883
0.000625
0.001163
-0.000157
-0.001125
0.000178
0.000123
0.001166
-0.000405
-0.001714
0.000852
0.001081
-0.000050
-0.001014
-0.000280
-0.000075
0.001996
-0.000652
-0.001526
0.000183
0.000564
0.001168
-0.000290
-0.001428
-0.000782
0.001968
0.000273
0.000155
-0.001321
-0.001402
0.001840
0.000877
0.000340
-0.001330
-0.001343
0.000090
0.002124
0.000709
-0.000709
-0.001207
-0.002017
0.002007
0.001233
0.001022
-0.000419
-0.002952
-0.000350
0.000387
0.002294
0.001719
-0.000658
-0.002142
-0.002135
-0.000250
0.001641
0.003224
0.000828
-0.000404
-0.002924
-0.003242
0.000019
0.000653
0.004332
0.002798
0.000478
-0.001025
-0.005333
-0.002980
-0.002453
0.001028
0.005242
0.004314
0.005835
0.001041
-0.002481
-0.005136
-0.009351
-0.006532
-0.005760
-0.000353
0.006081
0.009372
0.015952
0.015486
0.015226
0.011627
0.002200
-0.005280
-0.020147
-0.033673
-0.049128
-0.068401
-0.083808
-0.104617
-0.122625
-0.141136
-0.162208
-0.179238
-0.200076
-0.218708
-0.237013
-0.257175
-0.274758
-0.293650
-0.312468
-0.329842
-0.348143
-0.366476
-0.382502
-0.401382
-0.417618
-0.433574
-0.452311
-0.465644
-0.483650
-0.498860
-0.512626
-0.530109
-0.542475
-0.557667
-0.572098
-0.584526
-0.598283
-0.611750
-0.622637
-0.635898
-0.647807
-0.656909
-0.670783
-0.678736
-0.689247
-0.700109
-0.707139
-0.716995
-0.725476
-0.732036
-0.739803
-0.747864
-0.751397
-0.759998
-0.764333
-0.768040
-0.774700
-0.777100
-0.780287
-0.784494
-0.786401
-0.786827
-0.791364
-0.789532
-0.790699
-0.791976
-0.789763
-0.788828
-0.788909
-0.785176
-0.782361
-0.781881
-0.775257
-0.772674
-0.768853
-0.762779
-0.756612
-0.753440
-0.744107
-0.737986
-0.732141
-0.722647
-0.714031
-0.707426
-0.696743
-0.686061
-0.678894
-0.666394
-0.655083
-0.645237
-0.633756
-0.618828
-0.609557
-0.595642
-0.581228
-0.568163
-0.556224
-0.538437
-0.525518
-0.511414
-0.494864
-0.477977
-0.465191
-0.447001
-0.429551
-0.414401
-0.398037
-0.377862
-0.362072
-0.345462
-0.325582
-0.306769
-0.291082
-0.271174
-0.250822
-0.233719
-0.215679
-0.193829
-0.175121
-0.157741
-0.136984
-0.115531
-0.098257
-0.078920
-0.056985
-0.037098
-0.019956
0.001495
0.022810
0.041366
0.059304
0.081969
0.101639
0.119654
0.138477
0.161272
0.179099
0.197144
0.216414
0.238537
0.254781
0.272923
0.292130
0.313084
0.328144
0.345989
0.364832
0.384271
0.398539
0.415413
0.433823
0.451468
0.465249
0.480426
0.498386
0.514106
0.527503
0.540478
0.557717
0.571710
0.584490
0.595236
0.610967
0.623832
0.635441
0.644464
0.657458
0.669868
0.679774
0.687799
0.696998
0.708906
0.717160
0.724542
0.729994
0.739981
0.747319
0.753729
0.756969
0.762858
0.769671
0.774523
0.777540
0.778614
0.783555
0.786644
0.789887
0.788600
0.789268
0.790506
0.792102
0.791909
0.788352
0.786994
0.784837
0.785138
0.781147
0.776728
0.771387
0.767414
0.764818
0.758833
0.752867
0.743749
0.737948
0.731566
0.725142
0.716803
0.705496
0.696473
0.686425
0.679358
0.669168
0.657509
0.644598
0.630902
0.620986
0.609478
0.599135
0.584656
0.568556
0.553051
0.537531
0.526455
0.513365
0.500243
0.483221
0.463205
0.444694
0.425891
0.412567
0.399396
0.386243
0.370856
0.349389
0.327213
0.301977
0.280204
0.262633
0.248032
0.238686
0.226925
0.213946
0.195324
0.169420
0.140399
0.105596
0.072438
0.041748
0.015741
-0.000102
-0.009440
-0.007633
0.002824
0.019907
0.046215
0.075538
0.110529
0.148956
0.187767
0.230714
0.272495
0.315515
0.359962
0.402071
0.446621
0.489653
0.531938
0.576038
0.617161
0.659679
0.701832
0.741692
0.783744
0.823313
0.862557
0.902984
0.940177
0.978823
1.016644
1.052053
1.089483
1.124276
1.158350
1.193671
1.225544
1.258313
1.290749
1.320070
1.351164
1.380266
1.407374
1.436213
1.461869
1.486907
1.512909
1.535223
1.558117
1.580832
1.599985
1.620501
1.639653
1.655799
1.673639
1.689106
1.702325
1.717199
1.728964
1.739259
1.750936
1.759037
1.766352
1.774674
1.779168
1.783417
1.788299
1.789247
1.790337
1.791756
1.789213
1.787058
1.785041
1.779062
1.773592
1.768201
1.758849
1.750010
1.741334
1.728692
1.716445
1.704586
1.688770
1.673093
1.658149
1.639320
1.620209
1.602264
1.580630
1.558119
1.537215
1.513033
1.487214
1.463340
1.436889
1.407954
1.381038
1.352578
1.320855
1.290793
1.260487
1.226460
1.193190
1.161026
1.125296
1.088924
1.054669
1.017830
0.978772
0.942027
0.904447
0.863496
0.823920
0.785513
0.743712
0.701369
0.661539
0.619779
0.575449
0.533388
0.491871
0.446971
0.402354
0.360313
0.316215
0.269864
0.226043
0.183047
0.136842
0.090750
0.047638
0.003225
-0.043811
-0.088692
-0.131544
-0.177037
-0.223630
-0.267017
-0.309801
-0.355574
-0.400837
-0.442708
-0.485209
-0.530391
-0.573818
-0.614102
-0.655816
-0.699682
-0.740995
-0.779466
-0.819759
-0.861767
-0.900793
-0.937095
-0.975301
-1.015043
-1.051658
-1.085387
-1.120839
-1.157951
-1.192082
-1.222888
-1.254916
-1.288976
-1.320598
-1.348307
-1.376283
-1.406688
-1.435740
-1.460473
-1.483963
-1.509863
-1.536020
-1.558185
-1.577254
-1.597698
-1.620041
-1.639994
-1.655493
-1.670015
-1.686942
-1.704179
-1.717462
-1.726984
-1.737053
-1.749507
-1.760970
-1.767884
-1.771716
-1.776788
-1.784067
-1.789826
-1.790874
-1.788935
-1.788260
-1.789915
-1.790402
-1.786262
-1.778512
-1.771313
-1.766758
-1.762333
-1.754010
-1.741061
-1.726874
-1.715010
-1.705182
-1.693633
-1.677300
-1.657096
-1.636904
-1.619525
-1.603872
-1.586120
-1.563492
-1.536901
-1.510043
-1.485986
-1.464453
-1.442145
-1.415623
-1.384189
-1.350405
-1.318008
-1.289024
-1.262308
-1.234467
-1.202331
-1.165130
-1.124954
-1.085339
-1.049043
-1.016430
-0.985356
-0.952457
-0.915002
-0.872281
-0.825877
-0.778848
-0.734304
-0.694107
-0.658193
-0.624713
-0.590799
-0.553590
-0.511120
-0.462833
-0.409619
-0.353488
-0.297033
-0.242874
-0.193214
-0.149576
-0.112729
-0.082757
-0.059216
-0.041327
-0.028151
-0.018728
-0.012177
-0.007743
-0.004818
-0.002935
-0.001752
-0.001025
-0.000588
-0.000331
-0.000183
-0.000099
-0.000053
-0.000028
-0.000014
-0.000007
-0.000004
-0.000002
-0.000001
-0.000000
-0.000000
-0.000000
-0.000000
-0.000000
-0.000000
-0.000000
-0.000000
-0.000000
-0.000000
-0.000000
-0.000000
-0.000000
-0.000000
-0.000000
-0.000000
-0.000000
-0.000000
-0.000000
-0.000000
-0.000000
-0.000000
-0.000000
-0.000000
-0.000000
-0.000000
-0.000000
-0.000000
-0.000000
-0.000000
-0.000000
-0.000000
-0.000000
-0.000000
-0.000000
-0.000000
-0.000000
-0.000000
-0.000000
-0.000000
-0.000000
-0.000000
-0.000000
-0.000000
-0.000000
-0.000000
-0.000000
-0.000000
-0.000000
-0.000000
-0.000000
-0.000000
-0.000000
-0.000000
-0.000000
-0.000000
-0.000000
-0.000000
-0.000000
-0.000000
-0.000000
-0.000000
-0.000000
-0.000000
-0.000000
-0.000000
-0.000000
-0.000000
-0.000000
-0.000000
-0.000000
-0.000000
-0.000000
-0.000000
-0.000000
-0.000000
-0.000000
-0.000000
-0.000000
-0.000000
-0.000000
-0.000000
-0.000000
-0.000000
-0.000000
-0.000000
-0.000000
-0.000000
-0.000000
-0.000000
-0.000000
-0.000000
-0.000000
-0.000000
-0.000000
-0.000000
-0.000000
-0.000000
-0.000000
-0.000000
-0.000000
-0.000000
-0.000000
-0.000000
-0.000000
-0.000000
-0.000000
-0.000000
-0.000000
-0.000000
-0.000000
-0.000000
-0.000000
-0.000000
-0.000000
-0.000000
-0.000000
-0.000000
-0.000000
-0.000000
-0.000000
-0.000000
-0.000000
-0.000000
-0.000000
-0.000000
-0.000000
-0.000000
-0.000000
-0.000000
-0.000000
-0.000000
-0.000000
-0.000000
-0.000000
-0.000000
-0.000000
-0.000000
-0.000000
-0.000000
-0.000000
-0.000000
-0.000000
-0.000000
-0.000000
-0.000000
-0.000000
-0.000000
-0.000000
-0.000000
-0.000000
-0.000000
-0.000000
-0.000000
-0.000000
-0.000000
-0.000000
-0.000000
-0.000000
-0.000000
-0.000000
-0.000000
-0.000000
-0.000000
-0.000000
-0.000000
-0.000000
-0.000000
-0.000000
-0.000000
-0.000000
-0.000000
-0.000000
-0.000000
-0.000000
-0.000000
-0.000000
-0.000000
-0.000000
-0.000000
-0.000000
-0.000000
-0.000000
-0.000000
-0.000000
-0.000000
-0.000000
-0.000000
-0.000000
-0.000000
-0.000000
-0.000000
-0.000000
-0.000000
-0.000000
-0.000000
-0.000000
-0.000000
-0.000000
-0.000000
-0.000000
-0.000000
-0.000000
-0.000000
-0.000000
-0.000000
-0.000000
-0.000000
-0.000000
-0.000000
-0.000000
-0.000000
-0.000000
-0.000000
-0.000000
-0.000000
-0.000000
-0.000000
-0.000000
-0.000000
-0.000000
-0.000000
-0.000000
-0.000000
-0.000000
-0.000000
-0.000000
-0.000000
-0.000000
-0.000000
-0.000000
-0.000000
-0.000000
-0.000000
-0.000000
-0.000000
-0.000000
-0.000000
-0.000000
-0.000000
-0.000000
-0.000000
-0.000000
-0.000000
-0.000000
-0.000000
-0.000000
-0.000000
-0.000000
-0.000000
-0.000000
-0.000000
-0.000000
-0.000000
-0.000000
-0.000000
-0.000000
-0.000000
-0.000000
-0.000000
-0.000000
-0.000000
-0.000000
-0.000000
-0.000000
-0.000000
-0.000000
-0.000000
-0.000000
-0.000000
-0.000000
-0.000000
-0.000000
-0.000000
-0.000000
-0.000000
-0.000000
-0.000000
-0.000000
-0.000000
-0.000000
-0.000000
-0.000000
-0.000000
-0.000000
-0.000000
-0.000000
-0.000000
-0.000000
-0.000000
-0.000000
-0.000000
-0.000000
-0.000000
-0.000000
-0.000000
-0.000000
-0.000000
-0.000000
-0.000000
-0.000000
-0.000000
-0.000000
-0.000000
-0.000000
-0.000000
-0.000000
-0.000000
-0.000000
-0.000000
-0.000000
-0.000000
-0.000000
-0.000000
-0.000000
-0.000000
-0.000000
-0.000000
-0.000000
-0.000000
-0.000000
-0.000000
-0.000000
-0.000000
-0.000000
-0.000000
-0.000000
-0.000000
-0.000000
-0.000000
-0.000000
-0.000000
-0.000000
-0.000000
-0.000000
-0.000000
-0.000000
-0.000000
0.000000
0.000000
0.000000
