4 5
0.020703 1.622261
1.103516 2.083131
0.020703 1.465391
1.766016 -0.036870
2.766016 -0.036870
4.047657 -0.018435
5.047657 -0.018435
6.068360 1.889391
5.908983 1.345739
6.908983 1.345739
7.908981 1.345739
7.219530 -0.073739
8.219530 -0.073739
10.219530 -0.073739
16.000000 0.000000
20.000000 0.000000
0.000000 -0.055304
1.033204 2.000000
0.633594 -0.000000
1.633594 -0.000000
2.633588 -0.000000
5.000000 0.000000
6.000000 0.000000
7.000000 0.000000
8.000000 0.000000
9.000000 0.000000
10.000000 0.000000
9.724609 -0.331826
10.724609 -0.331826
12.724609 -0.331826
12.318749 1.557565
14.041406 -0.433391
1.585938 0.018435
2.585938 0.018435
1.627344 0.866435
2.627344 0.866435
3.751556 0.838610
2.627344 -0.092173
4.579680 -0.036870
5.579676 -0.036870
7.937890 -1.511652
9.000000 0.000000
10.000000 0.000000
10.192578 2.000000
11.689453 -0.018435
13.689453 -0.018435
16.000000 0.000000
20.000000 0.000000
0.000000 0.000000
1.165625 2.000000
2.000000 0.000000
3.000000 0.000000
3.144922 -1.981565
3.000000 -2.000000
4.530078 0.000000
5.530078 0.000000
11.117969 -0.147478
12.117969 -0.147478
13.117969 -0.147478
12.387109 0.442435
13.387109 0.442435
15.387111 0.442435
16.000000 0.000000
20.000000 0.000000
