0.000000
0.006553
0.013100
0.019658
0.026198
0.032760
0.039291
0.045856
0.052378
0.058943
0.065456
0.072020
0.078523
0.085083
0.091577
0.098131
0.104617
0.111160
0.117640
0.124167
0.130644
0.137152
0.143628
0.150110
0.156588
0.163040
0.169524
0.175940
0.182431
0.188808
0.195306
0.201644
0.208146
0.214448
0.220946
0.227218
0.233703
0.239956
0.246411
0.252659
0.259068
0.265327
0.271672
0.277956
0.284222
0.290540
0.296723
0.303071
0.309177
0.315541
0.321589
0.327940
0.333963
0.340262
0.346298
0.352506
0.358590
0.364677
0.370826
0.376785
0.382988
0.388845
0.395059
0.400867
0.407027
0.412854
0.418891
0.424796
0.430666
0.436668
0.442376
0.448438
0.454047
0.460082
0.465692
0.471593
0.477300
0.482994
0.488831
0.494328
0.500239
0.505634
0.511488
0.516925
0.522583
0.528171
0.533573
0.539304
0.544524
0.550262
0.555475
0.561031
0.566403
0.571665
0.577223
0.582257
0.587845
0.592865
0.598247
0.603459
0.608506
0.613924
0.618745
0.624152
0.629022
0.634144
0.639266
0.644023
0.649318
0.653935
0.659084
0.663889
0.668641
0.673729
0.678179
0.683277
0.687801
0.692536
0.697385
0.701711
0.706696
0.710985
0.715661
0.720283
0.724485
0.729327
0.733417
0.737984
0.742412
0.746464
0.751156
0.755068
0.759478
0.763755
0.767619
0.772162
0.775917
0.780115
0.784289
0.787928
0.792312
0.795948
0.799871
0.803985
0.807387
0.811566
0.815151
0.818728
0.822796
0.826004
0.829881
0.833501
0.836699
0.840658
0.843794
0.847239
0.850939
0.853826
0.857502
0.860739
0.863676
0.867356
0.870158
0.873314
0.876734
0.879298
0.882649
0.885654
0.888206
0.891594
0.894179
0.896866
0.900098
0.902374
0.905230
0.908161
0.910276
0.913241
0.915808
0.917892
0.920859
0.923071
0.925205
0.928067
0.929980
0.932187
0.934864
0.936548
0.938815
0.941260
0.942776
0.945067
0.947266
0.948659
0.950934
0.952894
0.954189
0.956411
0.958152
0.959355
0.961495
0.963043
0.964147
0.966186
0.967568
0.968560
0.970484
0.971728
0.972589
0.974387
0.975523
0.976234
0.977891
0.978950
0.979494
0.980992
0.982006
0.982377
0.983686
0.984684
0.984890
0.985970
0.986976
0.987044
0.987844
0.988862
0.988848
0.989318
0.990320
0.990306
0.990414
0.991330
0.991406
0.991167
0.991876
0.992114
0.991614
0.991971
0.992377
0.991778
0.991664
0.992134
0.991642
0.991040
0.991351
0.991126
0.990185
0.990068
0.990106
0.989128
0.988417
0.988474
0.987777
0.986571
0.986249
0.985923
0.984613
0.983627
0.983381
0.982409
0.980882
0.980186
0.979637
0.978109
0.976667
0.976069
0.975026
0.973178
0.971903
0.971176
0.969644
0.967669
0.966498
0.965501
0.963580
0.961566
0.960392
0.959087
0.956879
0.954830
0.953565
0.951978
0.949557
0.947427
0.946019
0.944210
0.941615
0.939343
0.937764
0.935798
0.933057
0.930580
0.928803
0.926743
0.923893
0.921157
0.919137
0.917029
0.914131
0.911114
0.908776
0.906619
0.903767
0.900508
0.897758
0.895472
0.892751
0.889383
0.886174
0.883583
0.880983
0.877716
0.874148
0.871051
0.868375
0.865360
0.861728
0.858092
0.854992
0.852101
0.848738
0.844876
0.841153
0.837937
0.834816
0.831211
0.827174
0.823295
0.819883
0.816569
0.812819
0.808633
0.804525
0.800853
0.797373
0.793566
0.789281
0.784903
0.780883
0.777203
0.773412
0.769147
0.764541
0.760071
0.756031
0.752221
0.748158
0.743575
0.738696
0.734015
0.729818
0.725908
0.721780
0.717075
0.711902
0.706755
0.702106
0.698020
0.694092
0.689746
0.684660
0.679008
0.673349
0.668261
0.663969
0.660196
0.656315
0.651707
0.646096
0.639704
0.633145
0.627137
0.622181
0.618347
0.615245
0.612173
0.608367
0.603250
0.596601
0.588606
0.579800
0.570924
0.562775
0.556056
0.551287
0.548761
0.548549
0.550546
0.554518
0.560166
0.567170
0.575223
0.584059
0.593456
0.603238
0.613274
0.623471
0.633761
0.644099
0.654456
0.664813
0.675157
0.685482
0.695783
0.706057
0.716302
0.726517
0.736702
0.746855
0.756977
0.767066
0.777123
0.787147
0.797138
0.807095
0.817018
0.826906
0.836760
0.846579
0.856362
0.866109
0.875820
0.885494
0.895131
0.904731
0.914293
0.923817
0.933303
0.942750
0.952158
0.961527
0.970856
0.980144
0.989393
0.998600
1.007766
1.016891
1.025974
1.035015
1.044013
1.052969
1.061881
1.070750
1.079575
1.088355
1.097092
1.105783
1.114430
1.123031
1.131586
1.140095
1.148558
1.156975
1.165344
1.173666
1.181940
1.190167
1.198345
1.206475
1.214556
1.222588
1.230571
1.238504
1.246387
1.254220
1.262002
1.269734
1.277414
1.285043
1.292621
1.300147
1.307620
1.315041
1.322410
1.329725
1.336987
1.344196
1.351351
1.358452
1.365499
1.372492
1.379429
1.386312
1.393140
1.399912
1.406629
1.413289
1.419893
1.426441
1.432932
1.439366
1.445742
1.452062
1.458324
1.464528
1.470674
1.476762
1.482792
1.488763
1.494675
1.500527
1.506321
1.512055
1.517729
1.523344
1.528898
1.534392
1.539826
1.545199
1.550511
1.555762
1.560952
1.566081
1.571148
1.576153
1.581096
1.585978
1.590797
1.595554
1.600248
1.604879
1.609448
1.613953
1.618396
1.622775
1.627091
1.631343
1.635531
1.639656
1.643717
1.647713
1.651646
1.655513
1.659317
1.663055
1.666729
1.670338
1.673881
1.677360
1.680773
1.684121
1.687403
1.690620
1.693771
1.696856
1.699876
1.702829
1.705716
1.708538
1.711293
1.713981
1.716603
1.719159
1.721648
1.724071
1.726426
1.728715
1.730938
1.733093
1.735181
1.737202
1.739157
1.741044
1.742864
1.744617
1.746302
1.747920
1.749471
1.750954
1.752370
1.753719
1.755000
1.756214
1.757361
1.758440
1.759451
1.760395
1.761271
1.762080
1.762821
1.763494
1.764100
1.764638
1.765108
1.765511
1.765846
1.766114
1.766314
1.766446
1.766511
1.766508
1.766438
1.766300
1.766094
1.765822
1.765482
1.765074
1.764599
1.764057
1.763448
1.762772
1.762028
1.761217
1.760339
1.759394
1.758382
1.757303
1.756158
1.754946
1.753667
1.752321
1.750909
1.749431
1.747886
1.746275
1.744598
1.742854
1.741045
1.739170
1.737229
1.735222
1.733150
1.731013
1.728810
1.726541
1.724208
1.721809
1.719345
1.716816
1.714222
1.711564
1.708841
1.706054
1.703202
1.700287
1.697307
1.694263
1.691156
1.687985
1.684751
1.681453
1.678092
1.674669
1.671182
1.667632
1.664020
1.660346
1.656609
1.652810
1.648950
1.645028
1.641044
1.636999
1.632892
1.628724
1.624496
1.620207
1.615857
1.611447
1.606977
1.602447
1.597858
1.593209
1.588500
1.583733
1.578907
1.574022
1.569079
1.564077
1.559017
1.553900
1.548724
1.543492
1.538202
1.532855
1.527451
1.521990
1.516473
1.510901
1.505272
1.499588
1.493848
1.488053
1.482203
1.476298
1.470339
1.464326
1.458258
1.452137
1.445963
1.439735
1.433455
1.427121
1.420736
1.414298
1.407808
1.401267
1.394674
1.388030
1.381336
1.374590
1.367794
1.360949
1.354054
1.347110
1.340116
1.333073
1.325982
1.318842
1.311655
1.304420
1.297137
1.289808
1.282432
1.275009
1.267540
1.260025
1.252465
1.244859
1.237208
1.229513
1.221772
1.213988
1.206159
1.198288
1.190373
1.182415
1.174416
1.166374
1.158289
1.150164
1.141997
1.133789
1.125541
1.117252
1.108923
1.100555
1.092148
1.083702
1.075216
1.066693
1.058132
1.049533
1.040898
1.032224
1.023515
1.014770
1.005988
0.997171
0.988319
0.979432
0.970511
0.961555
0.952566
0.943544
0.934488
0.925400
0.916280
0.907127
0.897944
0.888728
0.879482
0.870206
0.860900
0.851563
0.842197
0.832802
0.823379
0.813927
0.804447
0.794939
0.785404
0.775843
0.766255
0.756641
0.747001
0.737336
0.727647
0.717932
0.708193
0.698430
0.688644
0.678836
0.669004
0.659150
0.649274
0.639376
0.629458
0.619518
0.609559
0.599579
0.589580
0.579561
0.569524
0.559468
0.549395
0.539304
0.529195
0.519070
0.508928
0.498771
0.488597
0.478408
0.468205
0.457987
0.447755
0.437509
0.427250
0.416979
0.406694
0.396397
0.386089
0.375769
0.365439
0.355097
0.344746
0.334385
0.324014
0.313635
0.303248
0.292852
0.282449
0.272037
0.261620
0.251195
0.240765
0.230328
0.219887
0.209440
0.198990
0.188534
0.178076
0.167613
0.157148
0.146680
0.136210
0.125739
0.115266
0.104791
0.094317
0.083842
0.073368
0.062895
0.052422
0.041951
0.031482
0.021015
0.010552
0.000090
-0.010367
-0.020821
-0.031271
-0.041715
-0.052155
-0.062589
-0.073018
-0.083440
-0.093856
-0.104265
-0.114666
-0.125059
-0.135445
-0.145821
-0.156189
-0.166548
-0.176896
-0.187234
-0.197562
-0.207878
-0.218184
-0.228477
-0.238759
-0.249028
-0.259284
-0.269527
-0.279756
-0.289971
-0.300172
-0.310357
-0.320528
-0.330683
-0.340822
-0.350945
-0.361051
-0.371140
-0.381212
-0.391265
-0.401301
-0.411317
-0.421315
-0.431294
-0.441252
-0.451190
-0.461108
-0.471005
-0.480881
-0.490736
-0.500568
-0.510378
-0.520165
-0.529929
-0.539670
-0.549387
-0.559080
-0.568748
-0.578392
-0.588010
-0.597603
-0.607170
-0.616710
-0.626224
-0.635711
-0.645170
-0.654602
-0.664005
-0.673380
-0.682726
-0.692044
-0.701331
-0.710589
-0.719817
-0.729014
-0.738181
-0.747316
-0.756420
-0.765491
-0.774531
-0.783539
-0.792513
-0.801455
-0.810363
-0.819237
-0.828077
-0.836882
-0.845653
-0.854388
-0.863088
-0.871752
-0.880380
-0.888971
-0.897526
-0.906044
-0.914525
-0.922968
-0.931373
-0.939740
-0.948067
-0.956357
-0.964607
-0.972817
-0.980988
-0.989119
-0.997209
-1.005259
-1.013268
-1.021236
-1.029162
-1.037046
-1.044888
-1.052688
-1.060445
-1.068159
-1.075830
-1.083457
-1.091040
-1.098580
-1.106075
-1.113526
-1.120933
-1.128294
-1.135609
-1.142880
-1.150104
-1.157282
-1.164414
-1.171499
-1.178537
-1.185527
-1.192470
-1.199366
-1.206213
-1.213013
-1.219764
-1.226466
-1.233120
-1.239724
-1.246279
-1.252784
-1.259239
-1.265644
-1.271999
-1.278303
-1.284557
-1.290759
-1.296911
-1.303011
-1.309060
-1.315057
-1.321001
-1.326894
-1.332734
-1.338521
-1.344255
-1.349936
-1.355564
-1.361139
-1.366660
-1.372127
-1.377540
-1.382899
-1.388204
-1.393453
-1.398648
-1.403788
-1.408873
-1.413903
-1.418877
-1.423795
-1.428658
-1.433465
-1.438216
-1.442911
-1.447548
-1.452130
-1.456654
-1.461122
-1.465532
-1.469885
-1.474181
-1.478420
-1.482600
-1.486723
-1.490788
-1.494795
-1.498744
-1.502634
-1.506467
-1.510240
-1.513955
-1.517611
-1.521207
-1.524745
-1.528224
-1.531643
-1.535003
-1.538304
-1.541545
-1.544727
-1.547848
-1.550910
-1.553912
-1.556853
-1.559735
-1.562556
-1.565316
-1.568017
-1.570657
-1.573236
-1.575756
-1.578214
-1.580612
-1.582949
-1.585225
-1.587441
-1.589595
-1.591688
-1.593720
-1.595690
-1.597599
-1.599446
-1.601232
-1.602957
-1.604620
-1.606222
-1.607762
-1.609241
-1.610658
-1.612013
-1.613306
-1.614538
-1.615708
-1.616815
-1.617861
-1.618846
-1.619769
-1.620630
-1.621429
-1.622166
-1.622841
-1.623454
-1.624005
-1.624495
-1.624922
-1.625288
-1.625591
-1.625833
-1.626013
-1.626131
-1.626188
-1.626183
-1.626115
-1.625986
-1.625796
-1.625543
-1.625229
-1.624853
-1.624416
-1.623917
-1.623356
-1.622734
-1.622051
-1.621306
-1.620500
-1.619632
-1.618704
-1.617714
-1.616663
-1.615551
-1.614378
-1.613144
-1.611849
-1.610493
-1.609077
-1.607600
-1.606062
-1.604465
-1.602806
-1.601088
-1.599309
-1.597470
-1.595571
-1.593612
-1.591593
-1.589514
-1.587375
-1.585177
-1.582920
-1.580603
-1.578228
-1.575792
-1.573298
-1.570746
-1.568134
-1.565463
-1.562734
-1.559947
-1.557101
-1.554197
-1.551235
-1.548215
-1.545138
-1.542004
-1.538811
-1.535561
-1.532255
-1.528892
-1.525471
-1.521995
-1.518462
-1.514872
-1.511226
-1.507525
-1.503766
-1.499953
-1.496083
-1.492157
-1.488177
-1.484141
-1.480050
-1.475905
-1.471705
-1.467451
-1.463142
-1.458780
-1.454363
-1.449892
-1.445369
-1.440792
-1.436161
-1.431478
-1.426742
-1.421953
-1.417112
-1.412219
-1.407274
-1.402277
-1.397230
-1.392130
-1.386980
-1.381778
-1.376526
-1.371223
-1.365871
-1.360468
-1.355015
-1.349513
-1.343961
-1.338360
-1.332710
-1.327013
-1.321266
-1.315471
-1.309629
-1.303739
-1.297800
-1.291816
-1.285784
-1.279705
-1.273580
-1.267408
-1.261191
-1.254928
-1.248620
-1.242267
-1.235868
-1.229425
-1.222937
-1.216405
-1.209829
-1.203209
-1.196546
-1.189840
-1.183091
-1.176299
-1.169466
-1.162590
-1.155673
-1.148714
-1.141714
-1.134673
-1.127591
-1.120468
-1.113306
-1.106104
-1.098862
-1.091582
-1.084262
-1.076904
-1.069508
-1.062074
-1.054601
-1.047091
-1.039545
-1.031961
-1.024341
-1.016685
-1.008992
-1.001265
-0.993502
-0.985704
-0.977872
-0.970006
-0.962106
-0.954172
-0.946204
-0.938204
-0.930170
-0.922103
-0.914005
-0.905874
-0.897712
-0.889519
-0.881295
-0.873040
-0.864756
-0.856441
-0.848096
-0.839723
-0.831320
-0.822888
-0.814428
-0.805941
-0.797425
-0.788882
-0.780313
-0.771716
-0.763093
-0.754445
-0.745771
-0.737071
-0.728347
-0.719598
-0.710824
-0.702027
-0.693206
-0.684362
-0.675495
-0.666605
-0.657693
-0.648759
-0.639804
-0.630828
-0.621830
-0.612812
-0.603775
-0.594717
-0.585640
-0.576544
-0.567430
-0.558296
-0.549145
-0.539977
-0.530791
-0.521588
-0.512369
-0.503133
-0.493882
-0.484615
-0.475332
-0.466035
-0.456723
-0.447398
-0.438058
-0.428705
-0.419339
-0.409961
-0.400570
-0.391168
-0.381753
-0.372327
-0.362891
-0.353444
-0.343987
-0.334520
-0.325044
-0.315558
-0.306064
-0.296561
-0.287051
-0.277533
-0.268009
-0.258476
-0.248938
-0.239393
-0.229842
-0.220286
-0.210725
-0.201159
-0.191589
-0.182015
-0.172437
-0.162857
-0.153274
-0.143688
-0.134100
-0.124511
-0.114920
-0.105328
-0.095735
-0.086142
-0.076549
-0.066956
-0.057364
-0.047774
-0.038185
-0.028598
-0.019013
-0.009430
0.000150
0.009726
0.019298
0.028867
0.038431
0.047990
0.057545
0.067094
0.076637
0.086174
0.095704
0.105227
0.114744
0.124252
0.133753
0.143245
0.152729
0.162203
0.171668
0.181124
0.190569
0.200004
0.209428
0.218840
0.228242
0.237632
0.247009
0.256373
0.265725
0.275064
0.284388
0.293698
0.302995
0.312276
0.321542
0.330793
0.340028
0.349247
0.358450
0.367636
0.376805
0.385956
0.395090
0.404205
0.413302
0.422381
0.431440
0.440480
0.449500
0.458499
0.467479
0.476438
0.485375
0.494291
0.503186
0.512058
0.520908
0.529734
0.538539
0.547319
0.556076
0.564809
0.573517
0.582200
0.590859
0.599492
0.608100
0.616681
0.625237
0.633765
0.642267
0.650742
0.659189
0.667609
0.676000
0.684363
0.692697
0.701002
0.709278
0.717524
0.725740
0.733926
0.742080
0.750204
0.758297
0.766358
0.774388
0.782385
0.790350
0.798282
0.806182
0.814048
0.821881
0.829680
0.837446
0.845176
0.852872
0.860533
0.868158
0.875749
0.883304
0.890823
0.898305
0.905751
0.913160
0.920532
0.927867
0.935164
0.942423
0.949644
0.956827
0.963970
0.971075
0.978141
0.985168
0.992155
0.999102
1.006009
1.012875
1.019701
1.026486
1.033230
1.039932
1.046592
1.053211
1.059787
1.066321
1.072813
1.079261
1.085667
1.092029
1.098348
1.104623
1.110855
1.117041
1.123184
1.129282
1.135335
1.141344
1.147307
1.153225
1.159097
1.164923
1.170704
1.176438
1.182125
1.187767
1.193361
1.198908
1.204407
1.209860
1.215265
1.220622
1.225931
1.231192
1.236405
1.241570
1.246685
1.251752
1.256769
1.261737
1.266657
1.271526
1.276346
1.281116
1.285837
1.290507
1.295127
1.299696
1.304215
1.308683
1.313101
1.317467
1.321782
1.326046
1.330257
1.334417
1.338525
1.342582
1.346586
1.350537
1.354437
1.358284
1.362078
1.365820
1.369509
1.373145
1.376728
1.380257
1.383733
1.387155
1.390524
1.393840
1.397102
1.400310
1.403464
1.406564
1.409609
1.412601
1.415538
1.418421
1.421248
1.424022
1.426740
1.429404
1.432014
1.434568
1.437067
1.439511
1.441900
1.444234
1.446512
1.448734
1.450902
1.453014
1.455070
1.457071
1.459016
1.460905
1.462739
1.464516
1.466238
1.467904
1.469514
1.471067
1.472565
1.474007
1.475392
1.476721
1.477994
1.479212
1.480373
1.481477
1.482526
1.483518
1.484453
1.485333
1.486156
1.486922
1.487633
1.488286
1.488884
1.489425
1.489910
1.490339
1.490711
1.491027
1.491287
1.491490
1.491637
1.491727
1.491761
1.491740
1.491661
1.491526
1.491336
1.491089
1.490787
1.490428
1.490014
1.489543
1.489017
1.488435
1.487797
1.487103
1.486354
1.485549
1.484688
1.483771
1.482799
1.481771
1.480688
1.479549
1.478355
1.477105
1.475800
1.474440
1.473025
1.471555
1.470030
1.468450
1.466815
1.465126
1.463382
1.461583
1.459730
1.457823
1.455861
1.453846
1.451775
1.449651
1.447474
1.445242
1.442956
1.440617
1.438225
1.435780
1.433281
1.430729
1.428124
1.425466
1.422755
1.419991
1.417175
1.414307
1.411386
1.408413
1.405389
1.402312
1.399184
1.396004
1.392772
1.389490
1.386156
1.382771
1.379335
1.375848
1.372311
1.368723
1.365085
1.361396
1.357659
1.353871
1.350033
1.346146
1.342210
1.338224
1.334190
1.330106
1.325974
1.321793
1.317564
1.313287
1.308962
1.304589
1.300169
1.295701
1.291186
1.286624
1.282015
1.277360
1.272658
1.267910
1.263116
1.258275
1.253389
1.248457
1.243481
1.238460
1.233393
1.228282
1.223127
1.217928
1.212685
1.207397
1.202067
1.196693
1.191276
1.185816
1.180314
1.174769
1.169183
1.163553
1.157882
1.152169
1.146415
1.140620
1.134783
1.128907
1.122990
1.117032
1.111035
1.104997
1.098921
1.092805
1.086650
1.080456
1.074224
1.067955
1.061647
1.055301
1.048918
1.042499
1.036041
1.029547
1.023017
1.016451
1.009849
1.003211
0.996538
0.989829
0.983086
0.976309
0.969496
0.962650
0.955771
0.948856
0.941909
0.934930
0.927917
0.920873
0.913795
0.906686
0.899545
0.892374
0.885172
0.877937
0.870673
0.863379
0.856055
0.848701
0.841317
0.833905
0.826464
0.818995
0.811497
0.803972
0.796419
0.788839
0.781231
0.773597
0.765937
0.758250
0.750538
0.742800
0.735037
0.727250
0.719436
0.711600
0.703739
0.695855
0.687948
0.680016
0.672063
0.664087
0.656088
0.648068
0.640026
0.631963
0.623880
0.615775
0.607650
0.599506
0.591342
0.583159
0.574956
0.566735
0.558496
0.550238
0.541963
0.533670
0.525361
0.517035
0.508691
0.500332
0.491957
0.483566
0.475160
0.466739
0.458304
0.449855
0.441391
0.432915
0.424424
0.415921
0.407405
0.398876
0.390335
0.381783
0.373220
0.364646
0.356061
0.347467
0.338862
0.330248
0.321624
0.312991
0.304350
0.295701
0.287043
0.278378
0.269706
0.261026
0.252340
0.243648
0.234949
0.226245
0.217534
0.208820
0.200100
0.191375
0.182647
0.173915
0.165179
0.156441
0.147699
0.138956
0.130210
0.121462
0.112713
0.103962
0.095211
0.086459
0.077707
0.068956
0.060204
0.051454
0.042705
0.033957
0.025212
0.016468
0.007727
-0.001011
-0.009747
-0.018478
-0.027207
-0.035931
-0.044650
-0.053365
-0.062075
-0.070779
-0.079478
-0.088170
-0.096856
-0.105535
-0.114207
-0.122872
-0.131529
-0.140179
-0.148820
-0.157452
-0.166075
-0.174689
-0.183294
-0.191889
-0.200473
-0.209046
-0.217609
-0.226160
-0.234701
-0.243229
-0.251746
-0.260250
-0.268741
-0.277219
-0.285684
-0.294135
-0.302572
-0.310994
-0.319402
-0.327795
-0.336173
-0.344535
-0.352881
-0.361211
-0.369525
-0.377821
-0.386101
-0.394363
-0.402608
-0.410834
-0.419043
-0.427233
-0.435404
-0.443555
-0.451687
-0.459799
-0.467891
-0.475962
-0.484012
-0.492041
-0.500048
-0.508034
-0.515998
-0.523940
-0.531859
-0.539756
-0.547629
-0.555480
-0.563306
-0.571109
-0.578888
-0.586642
-0.594371
-0.602075
-0.609754
-0.617408
-0.625035
-0.632637
-0.640212
-0.647760
-0.655282
-0.662776
-0.670242
-0.677682
-0.685092
-0.692475
-0.699829
-0.707154
-0.714450
-0.721717
-0.728954
-0.736161
-0.743338
-0.750484
-0.757600
-0.764685
-0.771740
-0.778762
-0.785753
-0.792712
-0.799638
-0.806532
-0.813394
-0.820223
-0.827018
-0.833780
-0.840509
-0.847203
-0.853864
-0.860490
-0.867082
-0.873638
-0.880160
-0.886646
-0.893097
-0.899512
-0.905891
-0.912235
-0.918541
-0.924811
-0.931044
-0.937241
-0.943400
-0.949522
-0.955606
-0.961653
-0.967661
-0.973631
-0.979562
-0.985454
-0.991308
-0.997122
-1.002897
-1.008632
-1.014327
-1.019982
-1.025597
-1.031172
-1.036706
-1.042199
-1.047652
-1.053063
-1.058433
-1.063762
-1.069048
-1.074293
-1.079496
-1.084656
-1.089774
-1.094849
-1.099881
-1.104870
-1.109816
-1.114718
-1.119577
-1.124392
-1.129164
-1.133891
-1.138574
-1.143213
-1.147808
-1.152359
-1.156864
-1.161324
-1.165739
-1.170110
-1.174434
-1.178714
-1.182948
-1.187135
-1.191277
-1.195373
-1.199423
-1.203426
-1.207384
-1.211294
-1.215158
-1.218975
-1.222745
-1.226468
-1.230143
-1.233772
-1.237353
-1.240886
-1.244371
-1.247809
-1.251199
-1.254541
-1.257835
-1.261081
-1.264278
-1.267427
-1.270527
-1.273579
-1.276582
-1.279536
-1.282441
-1.285297
-1.288105
-1.290862
-1.293571
-1.296231
-1.298841
-1.301402
-1.303912
-1.306374
-1.308785
-1.311147
-1.313459
-1.315721
-1.317933
-1.320095
-1.322207
-1.324269
-1.326281
-1.328243
-1.330155
-1.332016
-1.333827
-1.335588
-1.337298
-1.338958
-1.340567
-1.342125
-1.343632
-1.345088
-1.346494
-1.347849
-1.349152
-1.350405
-1.351608
-1.352759
-1.353860
-1.354909
-1.355907
-1.356854
-1.357750
-1.358595
-1.359389
-1.360132
-1.360825
-1.361465
-1.362055
-1.362593
-1.363080
-1.363517
-1.363902
-1.364236
-1.364519
-1.364750
-1.364931
-1.365060
-1.365139
-1.365167
-1.365144
-1.365069
-1.364944
-1.364768
-1.364541
-1.364262
-1.363934
-1.363554
-1.363123
-1.362641
-1.362109
-1.361527
-1.360894
-1.360210
-1.359475
-1.358690
-1.357855
-1.356969
-1.356033
-1.355046
-1.354009
-1.352922
-1.351785
-1.350597
-1.349360
-1.348073
-1.346736
-1.345350
-1.343913
-1.342427
-1.340891
-1.339306
-1.337671
-1.335987
-1.334253
-1.332471
-1.330638
-1.328758
-1.326829
-1.324851
-1.322824
-1.320749
-1.318624
-1.316452
-1.314231
-1.311963
-1.309646
-1.307280
-1.304868
-1.302406
-1.299898
-1.297342
-1.294738
-1.292087
-1.289388
-1.286642
-1.283849
-1.281009
-1.278123
-1.275191
-1.272211
-1.269186
-1.266113
-1.262995
-1.259830
-1.256619
-1.253363
-1.250062
-1.246714
-1.243322
-1.239885
-1.236403
-1.232875
-1.229303
-1.225686
-1.222024
-1.218318
-1.214569
-1.210775
-1.206938
-1.203056
-1.199132
-1.195164
-1.191154
-1.187101
-1.183005
-1.178865
-1.174683
-1.170459
-1.166193
-1.161886
-1.157536
-1.153145
-1.148711
-1.144237
-1.139722
-1.135167
-1.130571
-1.125935
-1.121257
-1.116539
-1.111782
-1.106986
-1.102151
-1.097276
-1.092361
-1.087407
-1.082415
-1.077385
-1.072316
-1.067209
-1.062064
-1.056880
-1.051659
-1.046401
-1.041106
-1.035775
-1.030407
-1.025001
-1.019559
-1.014081
-1.008568
-1.003019
-0.997436
-0.991816
-0.986162
-0.980472
-0.974748
-0.968990
-0.963198
-0.957373
-0.951513
-0.945620
-0.939693
-0.933735
-0.927743
-0.921720
-0.915664
-0.909576
-0.903455
-0.897303
-0.891121
-0.884908
-0.878664
-0.872389
-0.866084
-0.859748
-0.853384
-0.846989
-0.840566
-0.834114
-0.827632
-0.821122
-0.814583
-0.808017
-0.801424
-0.794802
-0.788153
-0.781477
-0.774774
-0.768046
-0.761291
-0.754511
-0.747705
-0.740872
-0.734014
-0.727131
-0.720225
-0.713294
-0.706339
-0.699359
-0.692356
-0.685330
-0.678282
-0.671211
-0.664118
-0.657003
-0.649865
-0.642705
-0.635525
-0.628324
-0.621102
-0.613859
-0.606597
-0.599313
-0.592010
-0.584689
-0.577348
-0.569988
-0.562610
-0.555213
-0.547797
-0.540364
-0.532915
-0.525448
-0.517964
-0.510464
-0.502947
-0.495413
-0.487866
-0.480302
-0.472723
-0.465129
-0.457520
-0.449896
-0.442258
-0.434608
-0.426944
-0.419266
-0.411577
-0.403874
-0.396158
-0.388431
-0.380693
-0.372942
-0.365181
-0.357409
-0.349625
-0.341832
-0.334030
-0.326218
-0.318395
-0.310565
-0.302725
-0.294876
-0.287020
-0.279156
-0.271284
-0.263405
-0.255519
-0.247625
-0.239726
-0.231821
-0.223910
-0.215993
-0.208072
-0.200145
-0.192213
-0.184278
-0.176338
-0.168394
-0.160448
-0.152498
-0.144544
-0.136588
-0.128631
-0.120672
-0.112710
-0.104748
-0.096784
-0.088818
-0.080854
-0.072889
-0.064924
-0.056959
-0.048996
-0.041033
-0.033071
-0.025111
-0.017153
-0.009196
-0.001243
0.006708
0.014656
0.022600
0.030540
0.038477
0.046408
0.054335
0.062258
0.070175
0.078086
0.085992
0.093892
0.101784
0.109671
0.117551
0.125423
0.133288
0.141146
0.148995
0.156836
0.164669
0.172493
0.180307
0.188112
0.195908
0.203692
0.211467
0.219232
0.226985
0.234728
0.242459
0.250179
0.257886
0.265581
0.273263
0.280933
0.288589
0.296232
0.303860
0.311475
0.319076
0.326662
0.334234
0.341791
0.349332
0.356857
0.364367
0.371861
0.379338
0.386798
0.394241
0.401667
0.409075
0.416466
0.423838
0.431192
0.438528
0.445845
0.453142
0.460421
0.467679
0.474918
0.482136
0.489334
0.496511
0.503667
0.510802
0.517916
0.525008
0.532078
0.539126
0.546151
0.553153
0.560133
0.567089
0.574022
0.580931
0.587815
0.594675
0.601511
0.608323
0.615110
0.621872
0.628608
0.635317
0.642002
0.648659
0.655291
0.661896
0.668474
0.675025
0.681548
0.688045
0.694513
0.700954
0.707366
0.713750
0.720104
0.726429
0.732725
0.738992
0.745229
0.751436
0.757612
0.763758
0.769874
0.775959
0.782014
0.788038
0.794030
0.799990
0.805918
0.811815
0.817680
0.823513
0.829313
0.835079
0.840813
0.846514
0.852182
0.857817
0.863419
0.868986
0.874519
0.880017
0.885481
0.890910
0.896305
0.901664
0.906987
0.912274
0.917526
0.922743
0.927924
0.933070
0.938178
0.943250
0.948284
0.953282
0.958243
0.963168
0.968054
0.972902
0.977713
0.982485
0.987221
0.991917
0.996577
1.001196
1.005778
1.010320
1.014823
1.019288
1.023713
1.028098
1.032444
1.036749
1.041015
1.045241
1.049427
1.053573
1.057679
1.061743
1.065767
1.069749
1.073692
1.077593
1.081453
1.085270
1.089047
1.092780
1.096474
1.100126
1.103737
1.107304
1.110829
1.114311
1.117751
1.121149
1.124505
1.127816
1.131086
1.134311
1.137494
1.140634
1.143732
1.146785
1.149796
1.152761
1.155684
1.158561
1.161398
1.164188
1.166936
1.169636
1.172295
1.174906
1.177478
1.180002
1.182484
1.184919
1.187312
1.189656
1.191958
1.194215
1.196429
1.198594
1.200717
1.202792
1.204824
1.206811
1.208754
1.210650
1.212502
1.214308
1.216068
1.217782
1.219453
1.221077
1.222654
1.224186
1.225671
1.227110
1.228505
1.229854
1.231157
1.232414
1.233626
1.234789
1.235907
1.236981
1.238008
1.238988
1.239922
1.240809
1.241650
1.242447
1.243197
1.243901
1.244558
1.245170
1.245733
1.246252
1.246725
1.247153
1.247531
1.247866
1.248151
1.248392
1.248587
1.248738
1.248840
1.248898
1.248907
1.248872
1.248788
1.248663
1.248488
1.248269
1.248002
1.247690
1.247330
1.246928
1.246478
1.245983
1.245441
1.244855
1.244220
1.243541
1.242817
1.242048
1.241232
1.240371
1.239463
1.238510
1.237513
1.236472
1.235383
1.234251
1.233071
1.231847
1.230577
1.229266
1.227907
1.226504
1.225056
1.223563
1.222024
1.220443
1.218817
1.217147
1.215432
1.213674
1.211869
1.210021
1.208130
1.206196
1.204215
1.202194
1.200126
1.198015
1.195861
1.193666
1.191425
1.189143
1.186817
1.184447
1.182035
1.179582
1.177086
1.174547
1.171966
1.169342
1.166675
1.163968
1.161218
1.158426
1.155592
1.152716
1.149797
1.146838
1.143840
1.140800
1.137719
1.134597
1.131433
1.128227
1.124984
1.121700
1.118375
1.115010
1.111605
1.108159
1.104673
1.101150
1.097588
1.093985
1.090345
1.086664
1.082944
1.079186
1.075391
1.071556
1.067684
1.063773
1.059823
1.055835
1.051813
1.047752
1.043654
1.039520
1.035347
1.031137
1.026892
1.022610
1.018293
1.013939
1.009550
1.005123
1.000660
0.996165
0.991635
0.987068
0.982468
0.977832
0.973161
0.968457
0.963720
0.958947
0.954141
0.949302
0.944428
0.939521
0.934583
0.929612
0.924608
0.919574
0.914506
0.909405
0.904274
0.899112
0.893918
0.888694
0.883437
0.878150
0.872832
0.867486
0.862108
0.856702
0.851266
0.845799
0.840303
0.834778
0.829226
0.823644
0.818034
0.812395
0.806729
0.801034
0.795313
0.789566
0.783790
0.777990
0.772160
0.766304
0.760423
0.754517
0.748584
0.742625
0.736641
0.730632
0.724597
0.718539
0.712457
0.706351
0.700221
0.694067
0.687889
0.681688
0.675465
0.669218
0.662950
0.656658
0.650346
0.644010
0.637654
0.631276
0.624879
0.618460
0.612020
0.605559
0.599080
0.592580
0.586061
0.579522
0.572964
0.566387
0.559791
0.553177
0.546547
0.539898
0.533232
0.526547
0.519846
0.513127
0.506394
0.499642
0.492876
0.486092
0.479295
0.472481
0.465652
0.458809
0.451952
0.445080
0.438194
0.431294
0.424381
0.417455
0.410517
0.403564
0.396599
0.389622
0.382634
0.375632
0.368621
0.361598
0.354566
0.347521
0.340467
0.333402
0.326330
0.319246
0.312155
0.305051
0.297943
0.290823
0.283697
0.276562
0.269421
0.262270
0.255115
0.247950
0.240780
0.233603
0.226421
0.219231
0.212037
0.204837
0.197632
0.190422
0.183209
0.175990
0.168769
0.161542
0.154313
0.147080
0.139845
0.132606
0.125366
0.118123
0.110879
0.103632
0.096384
0.089135
0.081886
0.074637
0.067387
0.060136
0.052886
0.045637
0.038388
0.031141
0.023894
0.016651
0.009407
0.002166
-0.005072
-0.012306
-0.019539
-0.026768
-0.033995
-0.041217
-0.048436
-0.055649
-0.062859
-0.070063
-0.077263
-0.084458
-0.091649
-0.098830
-0.106007
-0.113176
-0.120342
-0.127498
-0.134650
-0.141791
-0.148928
-0.156053
-0.163173
-0.170282
-0.177386
-0.184478
-0.191564
-0.198636
-0.205702
-0.212756
-0.219802
-0.226836
-0.233860
-0.240871
-0.247872
-0.254860
-0.261838
-0.268804
-0.275758
-0.282698
-0.289627
-0.296541
-0.303444
-0.310332
-0.317209
-0.324068
-0.330916
-0.337746
-0.344564
-0.351364
-0.358154
-0.364924
-0.371682
-0.378421
-0.385146
-0.391853
-0.398545
-0.405219
-0.411877
-0.418516
-0.425139
-0.431742
-0.438328
-0.444896
-0.451446
-0.457977
-0.464490
-0.470982
-0.477457
-0.483911
-0.490346
-0.496760
-0.503154
-0.509526
-0.515878
-0.522209
-0.528520
-0.534809
-0.541076
-0.547320
-0.553543
-0.559743
-0.565921
-0.572077
-0.578209
-0.584319
-0.590403
-0.596465
-0.602502
-0.608516
-0.614505
-0.620471
-0.626410
-0.632326
-0.638214
-0.644079
-0.649917
-0.655731
-0.661517
-0.667278
-0.673010
-0.678718
-0.684398
-0.690053
-0.695679
-0.701280
-0.706850
-0.712396
-0.717910
-0.723400
-0.728858
-0.734292
-0.739692
-0.745067
-0.750409
-0.755726
-0.761010
-0.766269
-0.771494
-0.776692
-0.781857
-0.786994
-0.792099
-0.797175
-0.802219
-0.807232
-0.812212
-0.817163
-0.822081
-0.826969
-0.831824
-0.836649
-0.841439
-0.846199
-0.850924
-0.855619
-0.860278
-0.864908
-0.869500
-0.874062
-0.878588
-0.883083
-0.887542
-0.891971
-0.896362
-0.900721
-0.905043
-0.909334
-0.913587
-0.917808
-0.921992
-0.926143
-0.930255
-0.934335
-0.938377
-0.942386
-0.946358
-0.950296
-0.954196
-0.958061
-0.961888
-0.965681
-0.969437
-0.973157
-0.976839
-0.980484
-0.984093
-0.987664
-0.991198
-0.994696
-0.998155
-1.001577
-1.004960
-1.008306
-1.011614
-1.014884
-1.018117
-1.021311
-1.024466
-1.027582
-1.030660
-1.033699
-1.036701
-1.039663
-1.042587
-1.045471
-1.048315
-1.051120
-1.053887
-1.056614
-1.059302
-1.061948
-1.064557
-1.067123
-1.069653
-1.072141
-1.074591
-1.076999
-1.079368
-1.081695
-1.083984
-1.086231
-1.088441
-1.090606
-1.092733
-1.094818
-1.096864
-1.098866
-1.100832
-1.102755
-1.104639
-1.106478
-1.108279
-1.110037
-1.111756
-1.113434
-1.115070
-1.116663
-1.118217
-1.119728
-1.121199
-1.122629
-1.124018
-1.125364
-1.126669
-1.127931
-1.129154
-1.130334
-1.131475
-1.132570
-1.133627
-1.134639
-1.135611
-1.136540
-1.137431
-1.138277
-1.139084
-1.139846
-1.140568
-1.141246
-1.141885
-1.142482
-1.143036
-1.143547
-1.144018
-1.144445
-1.144832
-1.145177
-1.145482
-1.145744
-1.145964
-1.146140
-1.146276
-1.146370
-1.146425
-1.146436
-1.146406
-1.146333
-1.146219
-1.146063
-1.145867
-1.145629
-1.145349
-1.145026
-1.144661
-1.144255
-1.143808
-1.143321
-1.142791
-1.142219
-1.141606
-1.140951
-1.140255
-1.139519
-1.138741
-1.137922
-1.137061
-1.136159
-1.135215
-1.134232
-1.133209
-1.132143
-1.131036
-1.129889
-1.128699
-1.127471
-1.126202
-1.124894
-1.123544
-1.122153
-1.120719
-1.119248
-1.117736
-1.116186
-1.114593
-1.112961
-1.111288
-1.109575
-1.107822
-1.106032
-1.104201
-1.102332
-1.100420
-1.098469
-1.096479
-1.094452
-1.092385
-1.090278
-1.088132
-1.085948
-1.083723
-1.081460
-1.079160
-1.076822
-1.074445
-1.072029
-1.069573
-1.067080
-1.064550
-1.061983
-1.059377
-1.056734
-1.054052
-1.051332
-1.048575
-1.045783
-1.042953
-1.040086
-1.037181
-1.034239
-1.031260
-1.028246
-1.025196
-1.022109
-1.018986
-1.015826
-1.012630
-1.009398
-1.006132
-1.002831
-0.999494
-0.996121
-0.992712
-0.989268
-0.985791
-0.982280
-0.978733
-0.975153
-0.971536
-0.967886
-0.964203
-0.960487
-0.956737
-0.952953
-0.949135
-0.945283
-0.941397
-0.937480
-0.933531
-0.929549
-0.925534
-0.921486
-0.917405
-0.913292
-0.909149
-0.904975
-0.900768
-0.896529
-0.892258
-0.887956
-0.883625
-0.879265
-0.874873
-0.870451
-0.865997
-0.861513
-0.857000
-0.852459
-0.847889
-0.843288
-0.838657
-0.833997
-0.829308
-0.824592
-0.819848
-0.815076
-0.810274
-0.805445
-0.800586
-0.795702
-0.790790
-0.785853
-0.780888
-0.775894
-0.770874
-0.765827
-0.760756
-0.755659
-0.750536
-0.745387
-0.740212
-0.735011
-0.729785
-0.724536
-0.719262
-0.713965
-0.708640
-0.703292
-0.697920
-0.692526
-0.687109
-0.681668
-0.676204
-0.670717
-0.665205
-0.659673
-0.654119
-0.648545
-0.642947
-0.637327
-0.631684
-0.626022
-0.620338
-0.614636
-0.608912
-0.603168
-0.597402
-0.591618
-0.585812
-0.579990
-0.574148
-0.568287
-0.562405
-0.556506
-0.550587
-0.544652
-0.538700
-0.532729
-0.526741
-0.520735
-0.514711
-0.508672
-0.502616
-0.496545
-0.490458
-0.484353
-0.478231
-0.472095
-0.465945
-0.459780
-0.453600
-0.447406
-0.441197
-0.434973
-0.428736
-0.422485
-0.416222
-0.409946
-0.403654
-0.397351
-0.391034
-0.384707
-0.378369
-0.372018
-0.365657
-0.359283
-0.352899
-0.346503
-0.340099
-0.333683
-0.327259
-0.320822
-0.314377
-0.307921
-0.301458
-0.294986
-0.288506
-0.282016
-0.275519
-0.269011
-0.262499
-0.255977
-0.249450
-0.242914
-0.236373
-0.229822
-0.223267
-0.216705
-0.210140
-0.203568
-0.196991
-0.190407
-0.183819
-0.177226
-0.170630
-0.164029
-0.157426
-0.150816
-0.144204
-0.137587
-0.130970
-0.124349
-0.117727
-0.111101
-0.104475
-0.097844
-0.091214
-0.084581
-0.077949
-0.071314
-0.064681
-0.058045
-0.051410
-0.044774
-0.038142
-0.031507
-0.024877
-0.018244
-0.011615
-0.004985
0.001641
0.008267
0.014888
0.021508
0.028124
0.034741
0.041351
0.047959
0.054561
0.061160
0.067754
0.074347
0.080933
0.087516
0.094092
0.100663
0.107228
0.113788
0.120342
0.126890
0.133431
0.139964
0.146490
0.153009
0.159522
0.166027
0.172523
0.179011
0.185490
0.191961
0.198423
0.204877
0.211321
0.217756
0.224180
0.230594
0.236999
0.243393
0.249776
0.256148
0.262509
0.268856
0.275194
0.281517
0.287832
0.294132
0.300422
0.306695
0.312958
0.319206
0.325444
0.331665
0.337875
0.344068
0.350249
0.356412
0.362565
0.368699
0.374822
0.380926
0.387017
0.393089
0.399148
0.405189
0.411216
0.417224
0.423217
0.429190
0.435149
0.441087
0.447011
0.452915
0.458802
0.464669
0.470519
0.476348
0.482162
0.487954
0.493729
0.499482
0.505217
0.510929
0.516624
0.522297
0.527952
0.533583
0.539196
0.544784
0.550355
0.555901
0.561429
0.566932
0.572416
0.577874
0.583312
0.588724
0.594118
0.599486
0.604833
0.610154
0.615453
0.620726
0.625979
0.631205
0.636409
0.641588
0.646742
0.651870
0.656975
0.662054
0.667109
0.672138
0.677141
0.682117
0.687067
0.691992
0.696890
0.701762
0.706607
0.711425
0.716215
0.720978
0.725715
0.730424
0.735106
0.739759
0.744384
0.748980
0.753549
0.758090
0.762601
0.767085
0.771538
0.775962
0.780356
0.784722
0.789058
0.793366
0.797641
0.801888
0.806102
0.810289
0.814444
0.818571
0.822665
0.826730
0.830760
0.834763
0.838731
0.842672
0.846579
0.850456
0.854298
0.858111
0.861889
0.865639
0.869354
0.873040
0.876689
0.880308
0.883892
0.887446
0.890965
0.894453
0.897906
0.901326
0.904711
0.908065
0.911384
0.914671
0.917923
0.921142
0.924324
0.927474
0.930588
0.933670
0.936716
0.939730
0.942705
0.945648
0.948553
0.951428
0.954264
0.957069
0.959835
0.962568
0.965262
0.967924
0.970548
0.973140
0.975693
0.978211
0.980692
0.983138
0.985548
0.987923
0.990262
0.992565
0.994830
0.997059
0.999251
1.001409
1.003530
1.005614
1.007661
1.009669
1.011642
1.013579
1.015478
1.017341
1.019166
1.020953
1.022702
1.024415
1.026091
1.027732
1.029333
1.030896
1.032421
1.033909
1.035360
1.036773
1.038150
1.039489
1.040789
1.042050
1.043275
1.044461
1.045612
1.046722
1.047796
1.048829
1.049827
1.050785
1.051707
1.052591
1.053438
1.054243
1.055012
1.055742
1.056435
1.057090
1.057707
1.058284
1.058824
1.059324
1.059789
1.060213
1.060602
1.060952
1.061263
1.061534
1.061768
1.061963
1.062123
1.062243
1.062325
1.062366
1.062371
1.062338
1.062267
1.062159
1.062013
1.061826
1.061603
1.061340
1.061041
1.060704
1.060329
1.059915
1.059463
1.058972
1.058445
1.057880
1.057278
1.056638
1.055960
1.055242
1.054488
1.053696
1.052868
1.052001
1.051098
1.050154
1.049174
1.048158
1.047104
1.046014
1.044887
1.043721
1.042519
1.041278
1.040002
1.038690
1.037341
1.035954
1.034530
1.033069
1.031572
1.030039
1.028471
1.026865
1.025221
1.023541
1.021825
1.020073
1.018286
1.016463
1.014604
1.012707
1.010774
1.008806
1.006803
1.004765
1.002692
1.000582
0.998438
0.996257
0.994042
0.991793
0.989509
0.987189
0.984834
0.982444
0.980020
0.977563
0.975071
0.972546
0.969985
0.967390
0.964760
0.962097
0.959402
0.956672
0.953908
0.951110
0.948278
0.945414
0.942518
0.939589
0.936627
0.933631
0.930603
0.927541
0.924448
0.921323
0.918166
0.914976
0.911754
0.908499
0.905213
0.901896
0.898549
0.895171
0.891760
0.888318
0.884844
0.881340
0.877807
0.874243
0.870648
0.867021
0.863365
0.859679
0.855965
0.852220
0.848447
0.844643
0.840810
0.836946
0.833055
0.829136
0.825188
0.821210
0.817204
0.813169
0.809108
0.805017
0.800901
0.796757
0.792584
0.788384
0.784156
0.779902
0.775623
0.771316
0.766983
0.762621
0.758234
0.753822
0.749385
0.744922
0.740434
0.735920
0.731379
0.726813
0.722223
0.717610
0.712972
0.708309
0.703621
0.698909
0.694174
0.689415
0.684633
0.679829
0.674999
0.670148
0.665272
0.660376
0.655457
0.650517
0.645554
0.640570
0.635562
0.630535
0.625485
0.620417
0.615327
0.610216
0.605084
0.599931
0.594758
0.589567
0.584355
0.579125
0.573872
0.568602
0.563311
0.558004
0.552677
0.547335
0.541970
0.536590
0.531188
0.525772
0.520338
0.514888
0.509419
0.503933
0.498430
0.492912
0.487376
0.481826
0.476260
0.470679
0.465081
0.459467
0.453838
0.448196
0.442539
0.436869
0.431181
0.425481
0.419765
0.414039
0.408297
0.402546
0.396778
0.391000
0.385205
0.379401
0.373584
0.367757
0.361916
0.356065
0.350199
0.344326
0.338440
0.332545
0.326639
0.320724
0.314797
0.308860
0.302913
0.296959
0.290995
0.285022
0.279039
0.273048
0.267048
0.261041
0.255026
0.249005
0.242975
0.236938
0.230892
0.224841
0.218783
0.212720
0.206650
0.200574
0.194491
0.188404
0.182311
0.176213
0.170112
0.164005
0.157894
0.151776
0.145657
0.139533
0.133407
0.127277
0.121145
0.115008
0.108870
0.102729
0.096588
0.090443
0.084298
0.078150
0.072001
0.065850
0.059700
0.053548
0.047398
0.041244
0.035093
0.028939
0.022789
0.016636
0.010489
0.004338
-0.001808
-0.007957
-0.014100
-0.020244
-0.026382
-0.032521
-0.038655
-0.044790
-0.050919
-0.057047
-0.063169
-0.069288
-0.075403
-0.081514
-0.087621
-0.093724
-0.099821
-0.105915
-0.112000
-0.118083
-0.124159
-0.130231
-0.136295
-0.142355
-0.148404
-0.154451
-0.160487
-0.166521
-0.172543
-0.178561
-0.184567
-0.190569
-0.196559
-0.202546
-0.208520
-0.214488
-0.220445
-0.226394
-0.232331
-0.238261
-0.244180
-0.250091
-0.255990
-0.261879
-0.267756
-0.273624
-0.279481
-0.285327
-0.291161
-0.296985
-0.302794
-0.308593
-0.314378
-0.320153
-0.325914
-0.331663
-0.337397
-0.343119
-0.348826
-0.354521
-0.360201
-0.365868
-0.371521
-0.377158
-0.382781
-0.388388
-0.393982
-0.399560
-0.405123
-0.410669
-0.416200
-0.421713
-0.427212
-0.432694
-0.438160
-0.443607
-0.449039
-0.454451
-0.459848
-0.465226
-0.470588
-0.475931
-0.481256
-0.486561
-0.491849
-0.497118
-0.502370
-0.507600
-0.512815
-0.518006
-0.523180
-0.528331
-0.533467
-0.538579
-0.543675
-0.548746
-0.553799
-0.558828
-0.563840
-0.568828
-0.573798
-0.578744
-0.583669
-0.588571
-0.593452
-0.598310
-0.603147
-0.607962
-0.612753
-0.617520
-0.622266
-0.626987
-0.631687
-0.636362
-0.641016
-0.645643
-0.650248
-0.654825
-0.659383
-0.663912
-0.668422
-0.672902
-0.677360
-0.681790
-0.686198
-0.690578
-0.694936
-0.699266
-0.703572
-0.707849
-0.712102
-0.716328
-0.720529
-0.724702
-0.728850
-0.732969
-0.737062
-0.741128
-0.745168
-0.749180
-0.753167
-0.757124
-0.761054
-0.764955
-0.768830
-0.772676
-0.776495
-0.780284
-0.784045
-0.787776
-0.791478
-0.795153
-0.798798
-0.802415
-0.806003
-0.809560
-0.813088
-0.816586
-0.820055
-0.823495
-0.826903
-0.830282
-0.833629
-0.836948
-0.840235
-0.843494
-0.846721
-0.849917
-0.853081
-0.856215
-0.859317
-0.862390
-0.865431
-0.868441
-0.871418
-0.874363
-0.877276
-0.880160
-0.883011
-0.885832
-0.888618
-0.891374
-0.894094
-0.896786
-0.899442
-0.902070
-0.904662
-0.907223
-0.909748
-0.912244
-0.914705
-0.917135
-0.919531
-0.921895
-0.924223
-0.926520
-0.928782
-0.931012
-0.933208
-0.935371
-0.937500
-0.939594
-0.941654
-0.943682
-0.945675
-0.947637
-0.949563
-0.951455
-0.953310
-0.955134
-0.956922
-0.958679
-0.960398
-0.962085
-0.963734
-0.965351
-0.966933
-0.968482
-0.969995
-0.971475
-0.972917
-0.974326
-0.975699
-0.977038
-0.978344
-0.979613
-0.980847
-0.982045
-0.983208
-0.984338
-0.985432
-0.986493
-0.987517
-0.988507
-0.989459
-0.990378
-0.991261
-0.992111
-0.992925
-0.993702
-0.994443
-0.995149
-0.995820
-0.996456
-0.997057
-0.997623
-0.998152
-0.998645
-0.999103
-0.999526
-0.999915
-1.000266
-1.000583
-1.000862
-1.001106
-1.001315
-1.001489
-1.001629
-1.001733
-1.001801
-1.001832
-1.001828
-1.001789
-1.001716
-1.001607
-1.001462
-1.001280
-1.001063
-1.000811
-1.000524
-1.000204
-0.999847
-0.999454
-0.999024
-0.998560
-0.998060
-0.997528
-0.996958
-0.996354
-0.995713
-0.995037
-0.994326
-0.993581
-0.992802
-0.991988
-0.991136
-0.990251
-0.989329
-0.988374
-0.987385
-0.986361
-0.985301
-0.984205
-0.983075
-0.981912
-0.980714
-0.979482
-0.978216
-0.976914
-0.975578
-0.974206
-0.972802
-0.971364
-0.969892
-0.968385
-0.966843
-0.965267
-0.963657
-0.962015
-0.960340
-0.958631
-0.956886
-0.955109
-0.953296
-0.951452
-0.949575
-0.947665
-0.945721
-0.943742
-0.941731
-0.939687
-0.937611
-0.935503
-0.933363
-0.931188
-0.928981
-0.926741
-0.924469
-0.922166
-0.919830
-0.917463
-0.915062
-0.912628
-0.910164
-0.907669
-0.905141
-0.902583
-0.899992
-0.897370
-0.894715
-0.892030
-0.889316
-0.886570
-0.883792
-0.880982
-0.878142
-0.875271
-0.872370
-0.869440
-0.866480
-0.863489
-0.860468
-0.857416
-0.854335
-0.851226
-0.848087
-0.844919
-0.841719
-0.838491
-0.835234
-0.831948
-0.828634
-0.825293
-0.821920
-0.818520
-0.815090
-0.811633
-0.808148
-0.804636
-0.801095
-0.797526
-0.793928
-0.790304
-0.786652
-0.782975
-0.779270
-0.775538
-0.771778
-0.767991
-0.764178
-0.760340
-0.756475
-0.752585
-0.748666
-0.744722
-0.740752
-0.736758
-0.732739
-0.728695
-0.724624
-0.720530
-0.716408
-0.712264
-0.708094
-0.703902
-0.699684
-0.695442
-0.691174
-0.686885
-0.682571
-0.678236
-0.673876
-0.669494
-0.665087
-0.660658
-0.656206
-0.651733
-0.647236
-0.642719
-0.638177
-0.633615
-0.629030
-0.624425
-0.619797
-0.615151
-0.610482
-0.605792
-0.601080
-0.596349
-0.591598
-0.586827
-0.582035
-0.577223
-0.572391
-0.567540
-0.562670
-0.557781
-0.552875
-0.547947
-0.543002
-0.538036
-0.533054
-0.528054
-0.523037
-0.518002
-0.512948
-0.507876
-0.502787
-0.497682
-0.492560
-0.487422
-0.482267
-0.477095
-0.471908
-0.466704
-0.461486
-0.456252
-0.451005
-0.445739
-0.440460
-0.435165
-0.429858
-0.424534
-0.419200
-0.413848
-0.408485
-0.403104
-0.397713
-0.392307
-0.386891
-0.381459
-0.376017
-0.370558
-0.365091
-0.359609
-0.354118
-0.348613
-0.343099
-0.337571
-0.332033
-0.326483
-0.320924
-0.315353
-0.309774
-0.304182
-0.298581
-0.292970
-0.287350
-0.281720
-0.276083
-0.270435
-0.264780
-0.259113
-0.253441
-0.247758
-0.242071
-0.236373
-0.230669
-0.224955
-0.219237
-0.213509
-0.207778
-0.202038
-0.196294
-0.190540
-0.184784
-0.179018
-0.173250
-0.167475
-0.161697
-0.155912
-0.150123
-0.144328
-0.138531
-0.132727
-0.126923
-0.121113
-0.115301
-0.109483
-0.103663
-0.097840
-0.092016
-0.086187
-0.080358
-0.074523
-0.068689
-0.062852
-0.057015
-0.051176
-0.045337
-0.039497
-0.033654
-0.027812
-0.021970
-0.016129
-0.010288
-0.004447
0.001394
0.007235
0.013074
0.018912
0.024748
0.030583
0.036415
0.042247
0.048076
0.053902
0.059726
0.065545
0.071362
0.077176
0.082987
0.088793
0.094597
0.100394
0.106189
0.111977
0.117763
0.123542
0.129319
0.135087
0.140852
0.146609
0.152364
0.158109
0.163852
0.169584
0.175313
0.181030
0.186745
0.192450
0.198150
0.203840
0.209524
0.215197
0.220864
0.226521
0.232172
0.237812
0.243445
0.249066
0.254679
0.260281
0.265876
0.271458
0.277033
0.282594
0.288147
0.293686
0.299218
0.304736
0.310245
0.315740
0.321226
0.326696
0.332157
0.337604
0.343041
0.348463
0.353873
0.359268
0.364652
0.370021
0.375378
0.380720
0.386050
0.391363
0.396663
0.401947
0.407218
0.412473
0.417716
0.422940
0.428150
0.433343
0.438523
0.443685
0.448833
0.453964
0.459078
0.464175
0.469255
0.474318
0.479365
0.484394
0.489404
0.494397
0.499371
0.504327
0.509266
0.514187
0.519090
0.523972
0.528835
0.533680
0.538505
0.543311
0.548098
0.552864
0.557610
0.562335
0.567040
0.571726
0.576390
0.581035
0.585657
0.590260
0.594838
0.599398
0.603934
0.608452
0.612944
0.617416
0.621863
0.626291
0.630695
0.635079
0.639437
0.643775
0.648087
0.652379
0.656645
0.660894
0.665120
0.669329
0.673521
0.677705
0.681888
0.686087
0.690317
0.694609
0.698991
0.703510
0.708212
0.713153
0.718374
0.723908
0.729747
0.735844
0.742083
0.748296
0.754245
0.759676
0.764348
0.768111
0.770953
0.773063
0.774800
0.776659
0.779115
0.782500
0.786844
0.791841
0.796909
0.801404
0.804871
0.807284
0.809083
0.811012
0.813757
0.817586
0.822156
0.826681
0.830356
0.832865
0.834603
0.836466
0.839260
0.843139
0.847454
0.851200
0.853763
0.855424
0.857167
0.859900
0.863681
0.867635
0.870695
0.872564
0.874014
0.876195
0.879531
0.883281
0.886251
0.888002
0.889332
0.891461
0.894718
0.898153
0.900577
0.901909
0.903298
0.905796
0.909092
0.911863
0.913390
0.914469
0.916430
0.919426
0.922214
0.923777
0.924704
0.926404
0.929181
0.931781
0.933158
0.933968
0.935647
0.938304
0.940544
0.941546
0.942330
0.944194
0.946707
0.948356
0.948956
0.949953
0.952095
0.954191
0.955074
0.955552
0.957064
0.959218
0.960458
0.960764
0.961699
0.963644
0.965111
0.965415
0.965935
0.967583
0.969115
0.969442
0.969687
0.971061
0.972540
0.972834
0.972902
0.974072
0.975420
0.975599
0.975550
0.976600
0.977761
0.977749
0.977643
0.978638
0.979543
0.979288
0.979205
0.980176
0.980731
0.980234
0.980276
0.981176
0.981279
0.980636
0.980894
0.981578
0.981171
0.980577
0.981044
0.981282
0.980462
0.980150
0.980626
0.980223
0.979293
0.979365
0.979465
0.978475
0.977849
0.978055
0.977431
0.976292
0.976144
0.975925
0.974672
0.973946
0.973873
0.972830
0.971600
0.971352
0.970623
0.969120
0.968480
0.967977
0.966444
0.965354
0.964904
0.963492
0.962013
0.961442
0.960203
0.958457
0.957651
0.956556
0.954656
0.953565
0.952551
0.950581
0.949208
0.948204
0.946211
0.944581
0.943527
0.941528
0.939684
0.938543
0.936531
0.934509
0.933262
0.931217
0.929052
0.927694
0.925593
0.923310
0.921840
0.919655
0.917280
0.915707
0.913415
0.910966
0.909291
0.906868
0.904370
0.902593
0.900024
0.897501
0.895611
0.892880
0.890358
0.888336
0.885451
0.882954
0.880767
0.877739
0.875286
0.872891
0.869766
0.867355
0.864713
0.861545
0.859145
0.856225
0.853096
0.850642
0.847454
0.844425
0.841820
0.838420
0.835528
0.832668
0.829171
0.826379
0.823188
0.819734
0.816927
0.813418
0.810124
0.807134
0.803422
0.800304
0.796982
0.793264
0.790205
0.786520
0.782976
0.779752
0.775839
0.772503
0.768923
0.765036
0.761741
0.757790
0.754126
0.750592
0.746493
0.743016
0.739076
0.735131
0.731555
0.727335
0.723642
0.719689
0.715530
0.711854
0.707543
0.703655
0.699643
0.695324
0.691522
0.687122
0.683075
0.678965
0.674521
0.670588
0.666079
0.661916
0.657671
0.653136
0.649068
0.644439
0.640192
0.635786
0.631188
0.626982
0.622229
0.617923
0.613325
0.608704
0.604328
0.599482
0.595111
0.590316
0.585703
0.581118
0.576234
0.571761
0.566797
0.562205
0.557371
0.552522
0.547864
0.542818
0.538190
0.533135
0.528352
0.523436
0.518421
0.513645
0.508475
0.503705
0.498536
0.493623
0.488573
0.483458
0.478529
0.473265
0.468358
0.463066
0.458063
0.452850
0.447681
0.442575
0.437252
0.432204
0.426802
0.421726
0.416339
0.411154
0.405840
0.400513
0.395278
0.389833
0.384638
0.379131
0.373911
0.368405
0.363105
0.357645
0.352239
0.346839
0.341331
0.335972
0.330387
0.325036
0.319418
0.314037
0.308423
0.302982
0.297394
0.291876
0.286325
0.280734
0.275214
0.269560
0.264055
0.258357
0.252846
0.247127
0.241596
0.235873
0.230305
0.224589
0.218976
0.213273
0.207618
0.201930
0.196232
0.190554
0.184820
0.179147
0.173386
0.167714
0.161933
0.156255
0.150459
0.144769
0.138965
0.133262
0.127455
0.121737
0.115927
0.110191
0.104380
0.098631
0.092822
0.087060
0.081250
0.075475
0.069665
0.063880
0.058070
0.052278
0.046468
0.040667
0.034856
0.029050
0.023239
0.017432
0.011621
0.005811
0.000000
